ERTT  RTT
408.11  480.13
329.47  315.59
355.26  359.81
327.89  323.06
323.91  323.21
316.61  315.32
349.95  355.83
348.17  347.85
311.00  304.44
307.94  307.39
PktLossProb para alpha: 0.15 y n: 10 = 0.0
Throughput para alpha: 0.15 y n: 10 = 207.835510686
-----------------
ERTT  RTT
336.09  480.13
321.74  315.59
348.39  359.81
330.66  323.06
325.44  323.21
318.36  315.32
344.59  355.83
346.87  347.85
317.17  304.44
310.33  307.39
PktLossProb para alpha: 0.3 y n: 10 = 0.0
Throughput para alpha: 0.3 y n: 10 = 206.233477344
-----------------
ERTT  RTT
240.06  480.13
277.83  315.59
318.82  359.81
320.94  323.06
322.07  323.21
318.70  315.32
337.26  355.83
342.56  347.85
323.50  304.44
315.45  307.39
PktLossProb para alpha: 0.5 y n: 10 = 0.0
Throughput para alpha: 0.5 y n: 10 = 202.886369281
-----------------
ERTT  RTT
274.03  322.39
297.49  301.63
306.59  308.20
307.14  307.24
391.60  406.51
371.09  367.47
395.20  399.46
326.63  314.53
310.19  307.28
307.79  307.36
314.43  315.60
297.67  294.72
407.69  427.10
371.22  364.79
307.93  296.76
354.69  362.94
320.23  314.15
308.77  306.75
303.50  302.57
302.23  302.01
316.83  319.41
321.20  321.97
299.77  295.99
296.06  295.40
306.71  308.59
294.89  292.81
317.58  321.58
299.09  295.82
311.78  314.03
302.39  300.73
330.32  335.25
374.16  381.90
307.39  295.60
311.83  312.61
310.86  310.69
328.69  331.83
308.38  304.79
300.45  299.05
319.93  323.37
305.67  303.16
329.73  333.98
316.19  313.80
306.32  304.58
299.44  298.22
300.18  300.31
395.03  411.76
320.72  307.61
306.67  304.19
304.44  304.05
296.12  294.65
294.00  293.63
295.96  296.30
299.22  299.80
302.19  302.71
301.33  301.17
299.23  298.86
302.47  303.04
294.92  293.59
307.68  309.93
308.84  309.05
301.18  299.83
306.11  306.98
310.13  310.84
308.67  308.41
298.06  296.18
298.47  298.54
PktLossProb para alpha: 0.15 y n: 70 = 0.0571428571429
Throughput para alpha: 0.15 y n: 70 = 20.4632577565
-----------------
ERTT  RTT
225.67  322.39
278.84  301.63
299.39  308.20
304.88  307.24
376.02  406.51
370.04  367.47
390.63  399.46
337.36  314.53
316.31  307.28
310.05  307.36
313.94  315.60
300.48  294.72
389.12  427.10
372.09  364.79
319.36  296.76
349.86  362.94
324.87  314.15
312.18  306.75
305.45  302.57
303.04  302.01
314.50  319.41
319.73  321.97
303.11  295.99
297.71  295.40
305.33  308.59
296.56  292.81
314.08  321.58
301.30  295.82
310.21  314.03
303.58  300.73
325.75  335.25
365.05  381.90
316.44  295.60
313.76  312.61
311.61  310.69
325.76  331.83
311.08  304.79
302.66  299.05
317.15  323.37
307.36  303.16
325.99  333.98
317.46  313.80
308.44  304.58
301.29  298.22
300.61  300.31
378.42  411.76
328.85  307.61
311.59  304.19
306.31  304.05
298.15  294.65
294.98  293.63
295.91  296.30
298.63  299.80
301.49  302.71
301.27  301.17
299.58  298.86
302.00  303.04
296.11  293.59
305.79  309.93
308.07  309.05
302.30  299.83
305.58  306.98
309.26  310.84
308.66  308.41
299.93  296.18
298.96  298.54
PktLossProb para alpha: 0.3 y n: 70 = 0.0571428571429
Throughput para alpha: 0.3 y n: 70 = 20.4297943215
-----------------
ERTT  RTT
161.19  322.39
231.41  301.63
269.81  308.20
288.52  307.24
347.51  406.51
357.49  367.47
378.48  399.46
346.50  314.53
326.89  307.28
317.13  307.36
316.37  315.60
305.54  294.72
366.32  427.10
365.56  364.79
331.16  296.76
347.05  362.94
330.60  314.15
318.67  306.75
310.62  302.57
306.31  302.01
312.86  319.41
317.42  321.97
306.70  295.99
301.05  295.40
304.82  308.59
298.81  292.81
310.20  321.58
303.01  295.82
308.52  314.03
304.63  300.73
319.94  335.25
350.92  381.90
323.26  295.60
317.94  312.61
314.31  310.69
323.07  331.83
313.93  304.79
306.49  299.05
314.93  323.37
309.04  303.16
321.51  333.98
317.66  313.80
311.12  304.58
304.67  298.22
302.49  300.31
357.13  411.76
332.37  307.61
318.28  304.19
311.16  304.05
302.91  294.65
298.27  293.63
297.28  296.30
298.54  299.80
300.63  302.71
300.90  301.17
299.88  298.86
301.46  303.04
297.52  293.59
303.73  309.93
306.39  309.05
303.11  299.83
305.04  306.98
307.94  310.84
308.17  308.41
302.18  296.18
300.36  298.54
PktLossProb para alpha: 0.5 y n: 70 = 0.0571428571429
Throughput para alpha: 0.5 y n: 70 = 20.33434561
-----------------
ERTT  RTT
249.87  293.96
301.08  310.12
352.87  362.01
315.09  308.42
306.73  305.26
346.39  353.38
304.02  296.55
323.20  326.58
325.24  325.60
308.64  305.71
297.10  295.06
327.75  333.15
305.63  301.73
314.11  315.61
299.10  296.45
299.46  299.52
296.01  295.40
296.41  296.48
296.74  296.80
293.56  293.00
312.42  315.75
296.31  293.46
300.69  301.46
305.16  305.95
307.38  307.78
305.57  305.25
298.66  297.45
305.27  306.43
296.06  294.44
334.16  340.88
308.11  303.51
313.79  314.79
302.21  300.16
341.13  348.00
353.08  355.19
345.19  343.79
351.12  352.17
326.20  321.80
327.44  327.65
302.95  298.62
294.99  293.59
302.37  303.68
304.97  305.43
296.01  294.43
315.33  318.74
314.31  314.13
315.80  316.06
314.53  314.30
301.40  299.09
297.47  296.78
294.69  294.20
310.23  312.97
299.29  297.36
304.71  305.67
371.52  383.31
309.86  298.98
298.84  296.90
300.14  300.36
345.27  353.24
303.85  296.54
300.06  299.39
309.57  311.25
330.83  334.58
334.26  334.87
303.57  298.16
325.43  329.29
300.63  296.26
295.39  294.46
294.70  294.58
294.30  294.23
304.44  306.23
299.00  298.04
299.77  299.90
319.50  322.98
301.20  297.97
305.17  305.87
298.65  297.50
295.10  294.47
296.40  296.63
295.22  295.01
302.77  304.11
303.89  304.09
297.53  296.41
297.54  297.54
298.63  298.83
314.60  317.42
314.23  314.16
308.66  307.68
299.83  298.27
315.92  318.76
349.56  355.49
312.27  305.69
298.65  296.24
301.32  301.79
325.52  329.79
308.70  305.73
302.93  301.91
299.67  299.10
345.36  353.43
332.68  330.45
299.97  294.19
295.11  294.25
309.74  312.33
299.23  297.37
307.60  309.07
322.13  324.70
369.14  377.44
311.74  301.61
300.66  298.71
307.13  308.27
324.57  327.65
300.06  295.73
298.86  298.65
304.49  305.48
324.56  328.10
315.55  313.96
324.51  326.10
311.45  309.14
302.16  300.52
314.96  317.22
299.18  296.39
298.89  298.84
301.99  302.54
303.68  303.98
302.75  302.58
313.42  315.31
297.39  294.56
299.42  299.78
311.12  313.18
303.31  301.93
295.86  294.55
298.63  299.12
296.31  295.90
311.06  313.66
304.04  302.80
294.65  292.99
343.77  352.44
324.45  321.04
304.30  300.74
307.36  307.91
319.05  321.12
306.06  303.77
299.94  298.86
PktLossProb para alpha: 0.15 y n: 150 = 0.0466666666667
Throughput para alpha: 0.15 y n: 150 = 22.5325819439
-----------------
ERTT  RTT
205.77  293.96
278.82  310.12
337.05  362.01
317.01  308.42
308.78  305.26
340.00  353.38
309.58  296.55
321.48  326.58
324.36  325.60
311.31  305.71
299.94  295.06
323.19  333.15
308.17  301.73
313.38  315.61
301.53  296.45
300.12  299.52
296.82  295.40
296.58  296.48
296.73  296.80
294.12  293.00
309.26  315.75
298.20  293.46
300.49  301.46
304.31  305.95
306.74  307.78
305.69  305.25
299.92  297.45
304.48  306.43
297.45  294.44
327.85  340.88
310.81  303.51
313.60  314.79
304.19  300.16
334.86  348.00
349.09  355.19
345.38  343.79
350.13  352.17
330.30  321.80
328.45  327.65
307.57  298.62
297.78  293.59
301.91  303.68
304.38  305.43
297.41  294.43
312.34  318.74
313.59  314.13
315.32  316.06
314.61  314.30
303.74  299.09
298.87  296.78
295.60  294.20
307.76  312.97
300.48  297.36
304.11  305.67
359.55  383.31
317.15  298.98
302.98  296.90
301.15  300.36
337.61  353.24
308.86  296.54
302.23  299.39
308.54  311.25
326.77  334.58
332.44  334.87
308.44  298.16
323.03  329.29
304.29  296.26
297.41  294.46
295.43  294.58
294.59  294.23
302.74  306.23
299.45  298.04
299.77  299.90
316.02  322.98
303.38  297.97
305.12  305.87
299.79  297.50
296.07  294.47
296.46  296.63
295.45  295.01
301.51  304.11
303.32  304.09
298.48  296.41
297.82  297.54
298.52  298.83
311.75  317.42
313.44  314.16
309.41  307.68
301.61  298.27
313.61  318.76
342.93  355.49
316.86  305.69
302.43  296.24
301.98  301.79
321.45  329.79
310.45  305.73
304.47  301.91
300.71  299.10
337.61  353.43
332.59  330.45
305.71  294.19
297.69  294.25
307.93  312.33
300.54  297.37
306.52  309.07
319.24  324.70
359.98  377.44
319.12  301.61
304.83  298.71
307.24  308.27
321.53  327.65
303.47  295.73
300.10  298.65
303.87  305.48
320.83  328.10
316.02  313.96
323.07  326.10
313.32  309.14
304.36  300.52
313.36  317.22
301.48  296.39
299.63  298.84
301.66  302.54
303.29  303.98
302.80  302.58
311.55  315.31
299.66  294.56
299.74  299.78
309.15  313.18
304.09  301.93
297.41  294.55
298.61  299.12
296.71  295.90
308.57  313.66
304.53  302.80
296.45  292.99
335.64  352.44
325.42  321.04
308.14  300.74
307.98  307.91
317.17  321.12
307.79  303.77
301.54  298.86
PktLossProb para alpha: 0.3 y n: 150 = 0.0466666666667
Throughput para alpha: 0.3 y n: 150 = 22.4131298521
-----------------
ERTT  RTT
146.98  293.96
228.55  310.12
295.28  362.01
301.85  308.42
303.55  305.26
328.47  353.38
312.51  296.55
319.55  326.58
322.57  325.60
314.14  305.71
304.60  295.06
318.88  333.15
310.31  301.73
312.96  315.61
304.70  296.45
302.11  299.52
298.75  295.40
297.62  296.48
297.21  296.80
295.11  293.00
305.43  315.75
299.45  293.46
300.45  301.46
303.20  305.95
305.49  307.78
305.37  305.25
301.41  297.45
303.92  306.43
299.18  294.44
320.03  340.88
311.77  303.51
313.28  314.79
306.72  300.16
327.36  348.00
341.27  355.19
342.53  343.79
347.35  352.17
334.58  321.80
331.11  327.65
314.87  298.62
304.23  293.59
303.95  303.68
304.69  305.43
299.56  294.43
309.15  318.74
311.64  314.13
313.85  316.06
314.08  314.30
306.58  299.09
301.68  296.78
297.94  294.20
305.45  312.97
301.41  297.36
303.54  305.67
343.42  383.31
321.20  298.98
309.05  296.90
304.71  300.36
328.97  353.24
312.75  296.54
306.07  299.39
308.66  311.25
321.62  334.58
328.24  334.87
313.20  298.16
321.24  329.29
308.75  296.26
301.61  294.46
298.09  294.58
296.16  294.23
301.20  306.23
299.62  298.04
299.76  299.90
311.37  322.98
304.67  297.97
305.27  305.87
301.38  297.50
297.93  294.47
297.28  296.63
296.15  295.01
300.13  304.11
302.11  304.09
299.26  296.41
298.40  297.54
298.61  298.83
308.02  317.42
311.09  314.16
309.38  307.68
303.83  298.27
311.29  318.76
333.39  355.49
319.54  305.69
307.89  296.24
304.84  301.79
317.32  329.79
311.53  305.73
306.72  301.91
302.91  299.10
328.17  353.43
329.31  330.45
311.75  294.19
303.00  294.25
307.66  312.33
302.52  297.37
305.80  309.07
315.25  324.70
346.34  377.44
323.98  301.61
311.34  298.71
309.81  308.27
318.73  327.65
307.23  295.73
302.94  298.65
304.21  305.48
316.16  328.10
315.06  313.96
320.58  326.10
314.86  309.14
307.69  300.52
312.45  317.22
304.42  296.39
301.63  298.84
302.08  302.54
303.03  303.98
302.81  302.58
309.06  315.31
301.81  294.56
300.79  299.78
306.99  313.18
304.46  301.93
299.50  294.55
299.31  299.12
297.61  295.90
305.63  313.66
304.21  302.80
298.60  292.99
325.52  352.44
323.28  321.04
312.01  300.74
309.96  307.91
315.54  321.12
309.65  303.77
304.26  298.86
PktLossProb para alpha: 0.5 y n: 150 = 0.0466666666667
Throughput para alpha: 0.5 y n: 150 = 22.2130035984
-----------------
