ERTT	RTT
335.60	394.82
349.50	351.96
351.62	351.99
382.50	387.95
353.16	347.98
352.12	351.94
348.60	347.98
368.47	371.97
351.03	347.95
355.24	355.98
PktLossProb para alpha: 0.15 y n: 10 = 0.0
Throughput para alpha: 0.15 y n: 10 = 0.180159493955
-----------------
ERTT	RTT
276.38	394.82
329.28	351.96
345.18	351.99
375.12	387.95
356.12	347.98
353.19	351.94
349.55	347.98
365.25	371.97
353.14	347.95
355.13	355.98
PktLossProb para alpha: 0.3 y n: 10 = 0.0
Throughput para alpha: 0.3 y n: 10 = 0.180215297295
-----------------
ERTT	RTT
197.41	394.82
274.68	351.96
313.34	351.99
350.64	387.95
349.31	347.98
350.62	351.94
349.30	347.98
360.64	371.97
354.30	347.95
355.14	355.98
PktLossProb para alpha: 0.5 y n: 10 = 0.0
Throughput para alpha: 0.5 y n: 10 = 0.180210802578
-----------------
ERTT	RTT
299.16	351.95
340.64	347.96
346.87	347.98
344.42	343.98
350.85	351.98
348.39	347.96
365.07	368.02
353.90	351.93
348.86	347.97
358.30	359.96
349.49	347.94
348.23	348.00
354.79	355.95
369.39	371.97
371.55	371.93
382.11	383.98
373.51	371.99
361.98	359.94
387.49	391.99
357.23	351.89
356.14	355.95
355.96	355.93
349.17	347.97
348.15	347.98
361.66	364.04
356.74	355.87
345.89	343.98
398.71	408.03
379.30	375.87
379.86	379.96
356.15	351.96
355.99	355.97
352.52	351.91
355.47	355.99
359.29	359.96
356.57	356.09
345.71	343.79
357.84	359.98
356.22	355.94
352.59	351.94
352.10	352.01
362.16	363.94
360.27	359.94
353.25	352.01
348.73	347.93
351.49	351.98
365.49	367.96
353.99	351.96
352.29	351.99
358.84	360.00
352.95	351.91
348.73	347.98
348.08	347.97
347.98	347.96
358.18	359.98
376.71	379.98
355.67	351.95
369.54	371.98
351.19	347.95
348.45	347.97
348.05	347.98
344.59	343.98
357.66	359.97
349.43	347.98
348.15	347.93
351.40	351.97
348.48	347.96
348.03	347.95
344.59	343.98
347.46	347.97
PktLossProb para alpha: 0.15 y n: 70 = 0.0
Throughput para alpha: 0.15 y n: 70 = 0.18419448841
-----------------
ERTT	RTT
246.36	351.95
317.48	347.96
338.83	347.98
342.44	343.98
349.12	351.98
348.31	347.96
362.10	368.02
354.98	351.93
350.08	347.97
357.00	359.96
350.65	347.94
348.80	348.00
353.80	355.95
366.52	371.97
370.31	371.93
379.88	383.98
374.36	371.99
364.27	359.94
383.67	391.99
361.43	351.89
357.59	355.95
356.43	355.93
350.51	347.97
348.74	347.98
359.45	364.04
356.95	355.87
347.87	343.98
389.98	408.03
380.10	375.87
380.01	379.96
360.38	351.96
357.29	355.97
353.52	351.91
355.25	355.99
358.55	359.96
356.83	356.09
347.70	343.79
356.30	359.98
356.05	355.94
353.17	351.94
352.36	352.01
360.46	363.94
360.10	359.94
354.44	352.01
349.88	347.93
351.35	351.98
362.98	367.96
355.26	351.96
352.97	351.99
357.89	360.00
353.71	351.91
349.70	347.98
348.49	347.97
348.12	347.96
356.42	359.98
372.91	379.98
358.24	351.95
367.86	371.98
353.92	347.95
349.76	347.97
348.51	347.98
345.34	343.98
355.58	359.97
350.26	347.98
348.63	347.93
350.97	351.97
348.87	347.96
348.22	347.95
345.26	343.98
347.15	347.97
PktLossProb para alpha: 0.3 y n: 70 = 0.0
Throughput para alpha: 0.3 y n: 70 = 0.184357170452
-----------------
ERTT	RTT
175.97	351.95
261.97	347.96
304.97	347.98
324.48	343.98
338.23	351.98
343.09	347.96
355.56	368.02
353.74	351.93
350.86	347.97
355.41	359.96
351.67	347.94
349.84	348.00
352.89	355.95
362.43	371.97
367.18	371.93
375.58	383.98
373.79	371.99
366.86	359.94
379.43	391.99
365.66	351.89
360.81	355.95
358.37	355.93
353.17	347.97
350.57	347.98
357.31	364.04
356.59	355.87
350.28	343.98
379.16	408.03
377.51	375.87
378.74	379.96
365.35	351.96
360.66	355.97
356.29	351.91
356.14	355.99
358.05	359.96
357.07	356.09
350.43	343.79
355.21	359.98
355.57	355.94
353.76	351.94
352.89	352.01
358.41	363.94
359.18	359.94
355.59	352.01
351.76	347.93
351.87	351.98
359.92	367.96
355.94	351.96
353.96	351.99
356.98	360.00
354.45	351.91
351.21	347.98
349.59	347.97
348.78	347.96
354.38	359.98
367.18	379.98
359.57	351.95
365.78	371.98
356.86	347.95
352.42	347.97
350.20	347.98
347.09	343.98
353.53	359.97
350.76	347.98
349.34	347.93
350.66	351.97
349.31	347.96
348.63	347.95
346.31	343.98
347.14	347.97
PktLossProb para alpha: 0.5 y n: 70 = 0.0
Throughput para alpha: 0.5 y n: 70 = 0.184365890821
-----------------
ERTT	RTT
309.37	363.96
342.16	347.94
347.10	347.98
364.83	367.96
357.33	356.00
356.16	355.95
349.19	347.97
348.16	347.98
344.60	343.97
371.29	376.01
361.63	359.92
356.84	355.99
349.29	347.95
348.18	347.99
347.97	347.94
347.95	347.95
368.37	371.98
354.42	351.95
345.53	343.97
368.06	372.04
344.11	339.89
347.39	347.97
344.49	343.98
357.64	359.96
349.41	347.96
348.19	347.98
351.55	352.14
355.13	355.77
355.85	355.97
355.96	355.98
349.17	347.97
348.12	347.94
364.98	367.95
353.91	351.96
348.87	347.99
348.06	347.91
351.40	351.99
345.05	343.93
344.14	343.98
361.00	363.97
349.91	347.95
344.87	343.98
350.91	351.97
345.01	343.97
361.13	363.98
356.75	355.98
349.29	347.98
348.15	347.95
351.40	351.97
355.35	356.05
349.01	347.89
348.13	347.97
354.80	355.98
345.59	343.97
344.22	343.98
357.60	359.97
359.63	359.99
353.08	351.93
355.56	355.99
352.49	351.95
355.42	355.94
352.51	352.00
355.42	355.93
362.70	363.98
350.17	347.95
358.48	359.95
346.16	343.99
347.71	347.98
371.75	376.00
385.63	388.08
370.45	367.78
347.93	343.95
341.17	339.97
343.55	343.97
350.71	351.98
345.01	344.00
357.69	359.93
349.43	347.98
348.21	348.00
347.97	347.93
351.38	351.98
345.11	344.01
350.89	351.91
348.40	347.96
348.06	348.00
375.17	379.95
369.12	368.05
368.07	367.89
361.16	359.94
356.75	355.98
349.28	347.96
348.16	347.96
351.43	352.00
358.67	359.95
366.61	368.01
350.73	347.92
361.98	363.96
356.88	355.98
352.69	351.95
355.48	355.97
352.51	351.99
345.23	343.95
347.55	347.96
344.54	344.00
350.83	351.94
348.36	347.93
351.45	351.99
348.44	347.91
358.24	359.97
346.17	344.04
351.03	351.89
348.43	347.97
344.64	343.97
357.68	359.98
359.63	359.97
370.12	371.98
361.48	359.96
353.39	351.96
358.99	359.98
356.46	356.02
366.27	368.00
357.43	355.88
356.19	355.98
373.01	375.98
351.73	347.97
345.14	343.97
357.75	359.98
349.42	347.95
351.61	352.00
345.08	343.93
350.94	351.97
345.02	343.98
347.54	347.98
351.29	351.95
348.47	347.97
368.48	372.02
357.80	355.92
352.87	352.00
345.26	343.92
357.77	359.97
373.24	375.97
341.56	335.97
347.03	347.99
364.82	367.96
374.29	375.96
351.95	348.01
355.32	355.92
359.28	359.97
349.68	347.98
348.18	347.92
PktLossProb para alpha: 0.15 y n: 150 = 0.0
Throughput para alpha: 0.15 y n: 150 = 0.18381239383
-----------------
ERTT	RTT
254.77	363.96
319.99	347.94
339.58	347.98
359.45	367.96
357.04	356.00
356.28	355.95
350.46	347.97
348.72	347.98
345.40	343.97
366.82	376.01
361.99	359.92
357.79	355.99
350.91	347.95
348.86	347.99
348.21	347.94
348.03	347.95
364.79	371.98
355.81	351.95
347.52	343.97
364.68	372.04
347.32	339.89
347.78	347.97
345.12	343.98
355.50	359.96
350.22	347.96
348.65	347.98
351.09	352.14
354.36	355.77
355.49	355.97
355.83	355.98
350.33	347.97
348.66	347.94
362.16	367.95
355.02	351.96
350.10	347.99
348.57	347.91
350.97	351.99
346.04	343.93
344.60	343.98
358.16	363.97
351.01	347.95
346.09	343.98
350.21	351.97
345.84	343.97
358.54	363.98
356.75	355.98
350.61	347.98
348.75	347.95
351.00	351.97
354.54	356.05
349.89	347.89
348.55	347.97
353.75	355.98
346.90	343.97
344.86	343.98
355.43	359.97
358.62	359.99
353.93	351.93
355.37	355.99
352.98	351.95
355.05	355.94
352.92	352.00
355.02	355.93
361.30	363.98
351.96	347.95
357.55	359.95
348.06	343.99
348.00	347.98
367.60	376.00
381.93	388.08
372.02	367.78
352.37	343.95
343.69	339.97
343.88	343.97
349.55	351.98
345.67	344.00
355.65	359.93
350.28	347.98
348.68	348.00
348.16	347.93
350.83	351.98
346.06	344.01
350.15	351.91
348.62	347.96
348.18	348.00
370.42	379.95
368.76	368.05
368.15	367.89
362.40	359.94
357.90	355.98
350.94	347.96
348.85	347.96
351.06	352.00
357.28	359.95
364.79	368.01
352.98	347.92
360.67	363.96
357.39	355.98
353.58	351.95
355.26	355.97
352.97	351.99
346.65	343.95
347.57	347.96
345.07	344.00
349.88	351.94
348.51	347.93
350.95	351.99
348.82	347.91
356.63	359.97
347.82	344.04
350.67	351.89
348.78	347.97
345.41	343.97
355.61	359.98
358.66	359.97
367.98	371.98
362.36	359.96
355.08	351.96
358.51	359.98
356.76	356.02
364.63	368.00
358.50	355.88
356.73	355.98
370.20	375.98
354.64	347.97
347.17	343.97
356.14	359.98
350.41	347.95
351.52	352.00
346.21	343.93
350.24	351.97
345.86	343.98
347.34	347.98
350.57	351.95
348.75	347.97
365.04	372.02
358.65	355.92
354.00	352.00
346.94	343.92
356.06	359.97
370.00	375.97
346.18	335.97
347.45	347.99
361.81	367.96
371.71	375.96
355.12	348.01
355.68	355.92
358.69	359.97
351.19	347.98
348.90	347.92
PktLossProb para alpha: 0.3 y n: 150 = 0.0
Throughput para alpha: 0.3 y n: 150 = 0.183433574031
-----------------
ERTT	RTT
181.98	363.96
264.96	347.94
306.47	347.98
337.21	367.96
346.61	356.00
351.28	355.95
349.62	347.97
348.80	347.98
346.39	343.97
361.20	376.01
360.56	359.92
358.27	355.99
353.11	347.95
350.55	347.99
349.24	347.94
348.60	347.95
360.29	371.98
356.12	351.95
350.04	343.97
361.04	372.04
350.46	339.89
349.22	347.97
346.60	343.98
353.28	359.96
350.62	347.96
349.30	347.98
350.72	352.14
353.24	355.77
354.61	355.97
355.29	355.98
351.63	347.97
349.79	347.94
358.87	367.95
355.41	351.96
351.70	347.99
349.81	347.91
350.90	351.99
347.42	343.93
345.70	343.98
354.84	363.97
351.39	347.95
347.69	343.98
349.83	351.97
346.90	343.97
355.44	363.98
355.71	355.98
351.84	347.98
349.90	347.95
350.93	351.97
353.49	356.05
350.69	347.89
349.33	347.97
352.65	355.98
348.31	343.97
346.14	343.98
353.06	359.97
356.52	359.99
354.22	351.93
355.11	355.99
353.53	351.95
354.74	355.94
353.37	352.00
354.65	355.93
359.32	363.98
353.64	347.95
356.79	359.95
350.39	343.99
349.19	347.98
362.59	376.00
375.33	388.08
371.55	367.78
357.75	343.95
348.86	339.97
346.41	343.97
349.20	351.98
346.60	344.00
353.26	359.93
350.62	347.98
349.31	348.00
348.62	347.93
350.30	351.98
347.15	344.01
349.53	351.91
348.75	347.96
348.37	348.00
364.16	379.95
366.11	368.05
367.00	367.89
363.47	359.94
359.72	355.98
353.84	347.96
350.90	347.96
351.45	352.00
355.70	359.95
361.85	368.01
354.89	347.92
359.43	363.96
357.70	355.98
354.83	351.95
355.40	355.97
353.69	351.99
348.82	343.95
348.39	347.96
346.20	344.00
349.07	351.94
348.50	347.93
350.25	351.99
349.08	347.91
354.53	359.97
349.28	344.04
350.58	351.89
349.28	347.97
346.62	343.97
353.30	359.98
356.64	359.97
364.31	371.98
362.13	359.96
357.05	351.96
358.51	359.98
357.26	356.02
362.63	368.00
359.25	355.88
357.61	355.98
366.80	375.98
357.38	347.97
350.68	343.97
355.33	359.98
351.64	347.95
351.82	352.00
347.87	343.93
349.92	351.97
346.95	343.98
347.46	347.98
349.71	351.95
348.84	347.97
360.43	372.02
358.17	355.92
355.09	352.00
349.50	343.92
354.74	359.97
365.36	375.97
350.66	335.97
349.33	347.99
358.64	367.96
367.30	375.96
357.65	348.01
356.79	355.92
358.38	359.97
353.18	347.98
350.55	347.92
PktLossProb para alpha: 0.5 y n: 150 = 0.0
Throughput para alpha: 0.5 y n: 150 = 0.182570493704
-----------------
